1908
-3493
-1131
-5731
-728
3123
6293
-5770
7966
-9068
-217
4090
-7892
-2707
4200
8552
8375
-1805
4314
5773
-5238
900
-5457
4214
-8546
6108
-7120
2342
9506
-5786
7700
-6078
-5839
6748
-2116
247
-9798
-232
-9426
-6801
-7082
3406
-4302
-6967
-4350
-5458
-4514
-7384
-467
7531
-9788
-6975
177
3590
-8278
-914
2081
3319
7022
3385
-7833
-3595
-5933
7795
7859
-7033
-7409
5631
-8812
610
-2983
-3387
-3420
-5056
9029
9580
6919
-1038
-4921
-6786
1190
-3047
7137
2363
9739
-9889
-4325
3936
-8910
-8409
-9643
-9558
-9494
6168
-2434
916
7022
-5786
9025
7851
905
7133
9779
2017
9231
4746
-5987
-7821
4423
143
3566
2299
-4173
-5237
-3
3188
7662
8991
5020
166
93
3058
6169
9919
1649
-8275
1653
4110
3093
4118
9783
-2510
3138
-3363
-8971
8701
5758
9750
-1385
1960
-4018
4339
-2927
6022
7229
1828
-4725
3171
-7868
6670
-817
-9944
795
6784
9816
-8774
-4674
-655
398
-1455
9190
-1632
-4385
-3716
426
7467
6742
-3154
-1254
3200
-4144
7824
7770
1041
-815
5120
2542
3774
-5632
5769
4597
-8106
-7821
619
12
-4513
-5536
-385
3624
8388
-7152
3092
-6670
-3284
-9291
6486
-909
330
2886
8088
8286
8704
-1822
2521
-6120
5956
5103
-1429
185
6484
3922
5517
1198
-755
-6346
9279
-5416
602
1661
-3544
-3269
-7084
-660
2435
-8034
1172
-916
7192
-321
7377
5925
9959
-6971
1655
7069
-1794
8329
2803
3045
-1003
4719
6564
195
6112
1373
7838
-4355
4491
-1450
-2230
-4146
6647
8868
-8394
-7353
-7351
-9638
638
-1629
8708
-4456
-7131
3649
-2907
2823
-7053
6750
4821
9504
1742
8171
-878
6203
6103
-4972
-3114
-6386
-6742
-1358
5487
-8861
-1703
4519
-220
6627
3606
-7379
8398
5242
-7828
-7567
-9218
6386
9375
8566
5491
3934
1199
-7122
-7627
-4232
-5119
1874
8283
-3712
6608
-2807
-1441
2621
-2540
-4200
8647
162
-8870
7111
8033
-4867
-9302
-97
-4800
-4819
-6279
-8702
3441
-7906
8890
-7777
5134
-9819
50
3241
-9531
-2142
1568
5076
-9980
8572
5428
1597
-8803
1854
-6178
-8607
-2868
29
-3812
-5473
-4630
58
8071
-1611
3651
-7725
374
9657
-7109
-5203
3615
9295
9210
-9890
-9388
1176
-4143
-1508
7425
-9361
-270
1438
-7779
-1451
-9719
-1303
-3002
-4910
6378
-8295
-7024
-775
7832
2828
7925
8229
-228
9613
-7514
7922
5015
4729
-1570
2286
173
-1619
6231
6877
450
-3131
-9942
-5302
-2709
6398
-2637
-4108
-4523
4966
6952
-404
2994
4552
4943
8557
7550
8026
-4342
763
-5101
-9081
7146
-5221
-3499
-9597
-8274
670
7812
-1691
8907
2285
1214
-1757
7884
8982
7906
-7803
4858
5001
-2379
3423
-8473
-7343
-9474
9991
1514
2225
-7949
501
-7957
-7121
-6085
4278
7838
-3603
7539
-7938
-6122
-1129
-6154
6291
5405
-5825
6410
-6430
7720
-1718
6106
-7192
-9216
117
1336
-4526
5139
-3219
7666
-7849
-7539
-3039
-6758
4740
4556
-1591
-744
7501
-2870
7295
2296
7185
6386
6749
1237
-4252
4208
-260
-2415
1072
-4263
3499
-1620
-1326
1222
6250
-3501
-8407
4505
6588
-7203
-1157
-8983
-4308
-9940
3707
1740
8462
769
4456
5995
-2916
2393
-537
2905
-7582
4977
-7168
-9495
8016
-7915
778
-5739
-8232
3962
-1794
403
-1060
8006
1797
-6916
5723
7973
-6509
-1226
-4219
-8340
7362
-7098
-8382
5885
-7506
2630
-1915
-2661
8933
6619
5830
-8604
9435
7815
-7026
-6837
-1750
-5464
-3182
-2692
-1311
2799
-8590
4177
-4684
-8304
-8530
-1629
8420
-5133
-2557
3605
9625
-5930
8178
-7803
5791
-3159
1188
-5906
-9164
3915
-625
7011
-334
-6529
9143
8830
9492
3207
-1298
-4969
3446
4890
7903
-2329
9210
-1987
-6253
1070
-4702
-9187
6016
-1602
-265
-7046
-6677
-497
-3863
-4309
1756
4709
-5084
4890
8279
-6908
-3871
3653
-74
3401
-6181
1906
3249
-3944
-3159
-659
3542
344
-6436
9771
-2758
8896
-6683
617
-7337
7955
7983
7668
9368
5239
683
-3195
7071
3073
6438
3101
6804
9264
6136
9941
-3002
-5153
-9954
1082
-2272
-5484
-2382
6517
-3181
986
4313
-7003
1230
-617
-9497
8056
-2653
3456
1044
3064
-6488
3294
897
-2262
-9367
5351
833
-4307
-809
2518
-730
-1313
8669
-4873
1994
-7189
-8735
-5152
-6122
-7176
517
-3278
8028
7334
2155
-4693
1874
-9405
-4655
-7288
247
-9431
8979
-169
-4943
-1333
-9552
-8568
-32
-5694
721
1135
-7797
1054
7252
9821
-2400
-8150
3736
8579
6840
-7731
-6357
8759
9545
127
7596
-3536
1423
1719
-4073
2336
5112
7547
4158
4786
-6490
610
3820
8031
6520
7164
-7807
-3810
9110
5985
-1814
914
9282
5288
4470
1344
9407
-7960
135
1194
-6230
2905
-9791
9774
8060
1648
-2506
9103
9441
8329
-2563
2809
2350
-1105
-8744
849
-4422
3425
-279
7836
-9096
-5994
7903
-7588
2379
-7259
-6520
-7515
5015
9340
8614
-4625
5418
9836
-7163
-8287
-1304
1960
3822
-5331
-9517
9753
-465
-2969
4264
-682
4993
-9016
-9066
-6148
-6568
7489
-897
5100
9384
-5765
-1991
4498
7281
154
8439
-7411
-2886
2018
4971
8862
2631
-5831
-769
7293
2349
5960
8878
3023
8200
-5634
7575
7197
-5788
-7243
1251
2274
5875
-3431
-3050
703
-4645
7089
1316
-5384
-8587
3869
6840
-1335
9427
9334
7228
8200
-5982
3026
9705
-1725
-1828
989
-5818
-5417
2572
2509
9
6275
-1043
2805
-687
2859
-2283
-4440
-4157
2592
5710
-2570
-464
-8707
4875
-5737
8322
602
9216
-4775
1164
-6078
6227
-1240
-5172
-2982
-3554
-3346
9755
9081
-3310
-5783
-7256
-6980
-9130
7274
-5832
-7195
-3889
2682
7281
1700
1550
-1870
-4823
-7180
-9087
-5002
-2403
9586
-5751
3912
6120
4654
-4693
4182
-8648
-246
-8138
-2052
7821
-1144
-6097
-9031
9957
6152
2513
2928
7786
3645
-2725
-440
5874
546
4388
327
-4528
-9295
-3697
3960
-1585
-718
-4857
9272
1072
4605
6512
-3945
-2654
-9883
-8937
786
2047
7074
-2905
-4620
-1495
8522
-820
-1165
-4341
3673
-8442
-3245
-2987
1779
-8292
-88
-8576
5448
-7817
5881
4606
947
-4377
-6738
5805
-9590
-6303
-3012
-2403
-5586
-3390
7208
-5263
-8756
-7791
9905
2516
-2192
2618
-5428
6372
-7183
-3040
9118
-9981
9337
5807
9085
2025
3660
4463
-3444
3120
-9557
-8058
-166
6139
2664
4775
5170
-3867
-6732
-7681
1634
4790
2274
-7919
6796
2968
9659
4291
5623
-8716
-7073
-6137
-121
6064
-2153
-2756
-9836
2086
-1762
5367
9209
299
7044
-5254
908
8414
-4028
4167
-244
-4155
3364
-519
8417
6823
4607
-1068
1120
2459
-1825
-2914
8296
6223
-296
8508
-3191
-163
-5840
283
4795
-7910
1940
2058
-9897
-2766
2193
8081
-861
-5680
3575
-9019
7228
4491
-9015
5407
-9657
-9077
-7770
-1228
-88
-1197
3953
-7154
-44
-6945
-7750
2088
7453
315
4574
-3419
-9001
4882
1620
-8709
-1095
7578
-8980
7494
2170
6665
-5757
-3898
-9962
-8783
-4588
8203
-159
5990
-7643
7678
-2079
6802
7149
504
5511
4629
3386
251
-8967
9657
7912
4557
-6913
-3636
6721
-3745
9165
-8019
-9997
7966
2685
-3471
7040
2528
5452
5564
-7237
-1902
-9739
2091
4569
-5173
6871
6331
4317
7556
1870
-664
3822
-9350
-8213
-3716
9433
3478
-2430
9435
-3946
-8939
-3369
-3760
-2990
-7341
5631
-1732
-6022
-8904
-4312
8287
-9245
-6310
-6772
-8876
-8406
-8193
1279
-9061
8012
8526
3883
-551
4234
-497
1156
7231
689
6278
-2212
2728
-7120
940
-2681
7038
1155
836
-6387
8916
-2369
5450
-4658
-1601
8935
2202
-4448
1763
3114
-1392
5079
698
2700
2573
178
-4625
-7182
-1569
-9174
-6749
-9772
9328
924
4836
8825
-2280
-6348
5880
-8370
4467
-8175
-8639
-1575
-4511
4546
-9845
3843
9557
3848
-4200
7127
-7024
8966
8627
-5525
-9314
-5362
-3577
-8803
2659
-1054
9331
3312
8550
620
-3878
2810
-7355
1693
5065
5084
2463
-2700
6062
-6266
1976
-7727
-345
4031
-5849
-6093
-8375
6336
-8375
3132
3396
3934
-5404
-5315
7566
332
-6483
621
9167
141
-6341
3558
-6395
752
720
5527
2756
5538
1525
5493
-5391
4004
363
5978
-4369
9219
-7819
-2393
-1555
-3494
-2680
-2237
-3801
2320
-3929
-5653
-2672
4980
-5140
-7339
9294
6663
-5726
-7035
6660
7063
6180
221
686
6904
7057
-2739
-9319
-2423
1992
-8330
9462
6933
-2683
-2158
1022
-6952
6181
4712
-6308
-8500
-9282
6834
-1109
-1434
1985
-3833
2336
9607
9388
5954
5768
927
8795
9399
8429
1316
2038
-1067
-9919
4316
4149
4369
-6728
-2406
-1076
-2080
-9410
4485
6986
-9263
-5668
-9894
8110
-7474
5285
-2055
-8407
2869
-6240
630
-6185
4604
-6240
7433
-8413
-4919
2185
-1687
748
-6081
-7331
3912
-4810
-9410
-2510
-5726
-5056
-8872
-7510
-7290
7965
-4364
802
-8606
6814
-2670
9061
-4191
-2379
2995
-5700
9306
877
8210
580
9632
7751
-810
9016
-5178
7387
9303
-7456
-6627
1981
-8846
-3950
3472
9273
3794
5136
2910
-2122
4315
-8804
-320
-7359
482
-4373
-3331
6722
8744
5518
7825
-726
-7650
3009
4043
1437
4557
-4240
-1066
141
9284
5610
450
6555
6526
-4677
3811
-2652
2476
-6965
2726
1061
7596
3794
8179
2946
3638
3620
3077
-4336
5835
3483
8411
-2994
5427
6443
-7996
-2047
541
-9782
-535
-4496
8424
8955
1067
-5089
-4727
-4598
2481
1862
2111
6592
7477
-7770
6928
-6872
9080
2782
-1926
-1546
-7776
3223
-9277
1691
-1754
-4091
-2687
-7975
2026
7386
-5701
4328
5100
60
2242
1495
-694
5920
-9185
4847
-3195
-8124
-92
-5696
-2616
-4769
3012
8499
-3215
450
-3
2978
9100
2081
2636
9998
-6486
9723
590
5199
-3530
5078
4722
-2523
633
-7671
3372
-3436
6745
-3687
-5365
4218
3195
1049
-3246
-1103
-5006
3070
-6806
7238
-5962
6735
-7955
-1535
-4311
857
-3079
9097
4881
-1601
-7619
6780
-1304
4722
-6649
5348
1067
-6718
9767
-294
-5020
-87
9433
-6688
3754
-4005
3816
-5333
7789
7609
2799
4930
-7138
9803
-1998
3109
1279
-9426
6392
2202
-7403
-5176
-6717
1777
9483
-7740
-7627
-6731
-2251
8749
6367
10
-6775
1815
3336
6374
-4823
7421
1661
8256
-6446
-7175
-7582
8108
-1567
2818
-6219
3598
2270
4226
9347
-639
8967
-8181
-5879
1043
1571
-2064
1424
2781
3318
2151
-3818
5883
-4519
-4399
-7394
4434
191
6532
-3579
3026
6479
-6803
-3339
3085
1086
908
-8682
-7023
518
1662
7838
8643
4166
3635
-7895
8688
8417
-1619
-1485
5484
-2274
9356
-8467
-4254
6865
-2709
-2005
1580
-4132
-8137
-6508
5698
115
-5854
-8945
-6447
8798
-7460
3129
-8268
8668
651
-1061
-6262
-7332
4266
-2278
9415
8694
9776
-3977
-3596
-8113
4274
1550
9232
-5155
-7805
-8328
-7280
3905
-2873
-8999
4991
6840
-5557
-1698
9288
-9309
7096
-5983
4750
8707
-8545
-7832
-2021
2099
3432
-8225
-7104
-507
-3301
212
-7392
-4392
5370
-7881
7808
4196
-904
2256
-9233
-5260
9576
-9742
9603
7258
7524
-3004
10000
-7146
-1124
6555
-5022
3473
-4568
-5770
1007
-6232
6581
-1110
3684
-1080
4637
9816
2849
8510
6968
2550
8663
-6824
-3974
4606
-7064
-6660
-6129
-3877
-3308
-774
-9927
-2292
-4321
3263
-2188
4972
-1098
-6281
4711
-242
2776
-9573
7425
9600
1904
-590
-3539
-1900
-1418
-5023
5505
-5712
-3185
-3208
4821
-7247
4971
1371
-203
788
1284
717
-7840
9778
5206
9979
2133
-2684
-9450
-3631
7406
-1483
-4864
-6638
2765
-2581
7349
1241
-3384
8135
984
-8120
-4819
4306
-1771
-2259
-1696
-9152
3496
1078
5897
203
478
6423
-7155
-9408
3550
1711
9175
-546
3685
-3322
8443
8003
-6411
1009
8225
-1546
6468
7671
2202
-9358
-7442
8188
-9409
5216
6414
5359
-9241
-9275
-1613
-6099
-9933
-4538
336
-2676
6291
-6229
-2182
-4641
-9681
8187
632
8515
-9898
7925
4538
6995
-3680
-1352
-5922
-5603
-3355
-2751
9468
1821
8112
3521
9605
4903
1011
-2686
-4029
-8687
-3749
-9118
9032
9782
2152
-6114
-1152
6647
-7812
1125
8355
3465
-3310
-1815
1222
4725
1308
-6916
3608
-3162
-6698
-3311
-1284
-7425
-550
5412
-7376
-8380
9317
-1049
-2151
-4806
8952
-4618
-5165
3962
-1226
6418
9770
-4335
1922
3658
6485
6171
5049
-6339
1406
4310
-2668
2011
5519
1484
-3841
-2623
4933
-93
5136
8377
9550
6248
4537
1103
3705
-8798
4662
-9726
-6830
4269
1706
7464
5965
-5321
-8696
5504
-8686
104
-3209
322
7671
6410
-9142
4625
3461
2865
-9352
-8410
7468
-2142
-35
-4006
-2025
2616
8424
8483
8334
856
1073
3716
6121
-5698
5272
2692
-9013
1012
-6671
-1747
6370
9037
4688
-1043
-1505
8663
-9868
5767
5202
219
2302
-7729
6903
-2779
7331
-7772
6159
5460
-1985
2959
-1315
3803
6141
2424
4255
-5242
1463
-4566
3286
-8830
-4874
-8310
6848
3468
-1587
4186
5854
-6303
-61
-3762
-1487
-3893
586
2156
-8619
1537
3053
1687
3171
-2695
2063
-1790
7073
1425
8922
7570
-17
7326
-8490
3621
-1054
-634
-9781
-6056
2854
-9409
2162
3548
-3412
9615
1657
5122
7566
-8564
1917
-2044
-1625
3787
9621
4698
-1064
5209
-7809
4122
5173
4625
688
-3530
-4704
1559
-9163
3524
8537
7271
-2254
-2233
-3929
5955
9483
-8359
3868
-3107
4548
3167
-6468
6469
9995
1296
5387
40
-2467
-674
-4134
3872
-757
-2550
2368
-7559
8084
5674
8147
2204
3791
2659
3601
5405
-5870
8387
-5596
7463
1064
-8596
1290
7292
292
4676
-5611
-7838
106
6355
6248
-3434
4801
4583
-8103
5054
-4870
3166
631
3979
-2448
-4284
50
6252
5591
-3960
-8291
7107
-1208
8363
-6392
-6300
8655
-142
-9455
8775
7316
6639
-4621
8359
-894
6854
-719
-1355
-6852
9045
-5220
-5467
-2876
-6788
-1924
9311
-4882
8553
7714
6950
5157
-4764
6401
-5578
6099
8257
-7900
8164
3074
5273
330
-6860
-570
4969
-6275
-8038
-1331
9043
7278
9396
-560
3676
-2218
8222
793
-473
1629
9124
-2603
-3176
-2255
-9646
-3089
5825
-4998
-4798
1526
-6848
9700
-6638
7738
-658
-2717
4058
973
4968
-9638
2640
9769
7181
-8644
4436
-3
375
4849
5999
6756
2366
3840
1611
2819
128
2902
8420
5124
6344
5919
-3793
-3694
5587
-2162
3898
-2681
-3412
-6375
-7843
-9563
-8438
3943
-7293
3017
-9657
-9186
1234
8930
2049
-7717
-1568
-3676
-446
6461
-9449
5922
-9498
-7154
-6812
4549
-1639
-9506
-5181
221
-9240
-4290
9365
-6413
-9274
1703
6525
-4433
2414
1256
-3584
-6534
643
-5445
-8779
-501
5380
-4908
372
-4404
8540
-3085
7379
4351
-3617
-7392
7756
7233
2928
-6044
-424
7546
-4992
4772
-6158
-5357
6302
-3146
9798
2842
8365
-4718
-9887
804
-7567
-5721
1372
-4977
7033
-6354
6474
596
-9064
-5397
3860
3218
8983
-5742
-1745
6870
9897
-3783
6470
3912
6615
4693
-1040
9824
-8650
-7790
-5786
7234
-2055
5202
7741
2385
1232
4245
1759
-601
588
8592
2679
-2780
3647
-9961
5983
5043
3562
-5005
5494
-6257
-5891
-3951
-9593
2752
1141
-1934
7206
9927
-9456
9535
-8508
1202
4832
9624
-8194
-3564
6880
7807
9643
7064
1831
5150
-2771
-2641
-2610
4472
5339
7414
8941
3161
-1598
-1786
1769
7575
5358
-7702
-744
7902
-6276
-403
-7859
-7530
-5
9158
5496
4711
-5642
-4366
-6771
-4851
-560
-3710
3821
-9893
-7257
8688
-8397
-4085
670
3477
4512
7554
-9056
-8384
3278
-4058
-9831
-927
1341
-5125
8105
-96
3196
2293
-8246
7655
-6489
1969
-2987
-9455
7195
-1723
-2058
2375
-4639
5488
-6889
-9390
-5912
-5467
-6042
-7718
7778
-7199
-5514
1514
-7276
1526
-3735
6132
-1898
-5799
-2238
7074
-4183
-4726
-2830
8570
2167
-7978
-7737
-2676
6545
-7725
-5102
-6816
-4607
-4548
-1292
3656
-3958
8166
5567
4205
-3025
6277
8256
4346
-6209
-2693
-7896
-1501
-490
-9634
-3854
3144
6998
-266
9974
-4688
5223
9620
9641
-185
-1341
8921
-2878
5707
-8252
-8083
5799
3634
-8125
-2901
-8123
-1128
-3132
5214
8345
-756
5868
2099
-7844
-2770
2571
2974
-6077
8382
4768
6121
-7594
9152
4525
5163
-3637
-2656
-3549
5314
3464
5242
8921
-5836
-5609
-3335
9537
6529
5850
-729
9348
7178
-5073
-2335
-6835
-7584
-9175
2701
-1262
9253
2147
-6246
-7036
3706
-9469
-6412
-9321
9554
715
-5564
-3764
5780
-3227
-1344
-7649
238
-4519
9354
-204
-7917
-726
7184
-7673
1729
-9387
9565
-3175
9833
-7653
-3510
-3106
-7742
3346
-9352
7644
-2768
8220
9928
-854
-9724
-8859
9173
3164
-4232
5168
-5731
-1284
8924
-5990
-1465
-9619
-9383
5690
-8750
-2362
5372
-8415
-8228
7974
-5271
-9931
-3416
2081
6827
-2075
3271
-4439
-4415
8508
-1487
6020
8366
-4426
-1036
3285
-8889
-2635
5749
-9442
-3780
-5474
3515
7523
1081
8281
-7587
6458
-4595
9444
-6911
-8399
-6515
-9631
-5445
9862
3159
7643
-9425
2394
-3794
-4086
-8281
3738
-1483
-822
6999
-6148
7850
6282
8546
-9108
-1697
5774
3281
-1755
-1822
-3718
-941
7612
3267
-3291
2076
3982
3786
-4845
7789
2208
8166
-3091
-742
-479
2789
-3175
-8802
-1405
-8867
2127
-5094
2805
7457
5514
9619
-7539
-3403
-8514
-9777
-6625
-1379
-7762
-6581
1735
2556
-9092
-9938
-1198
5629
-9840
-9811
4004
-6724
1675
7830
-9457
-6101
-5954
-7610
5564
5799
7747
-8437
3845
1295
-9026
-5100
9460
3628
-7279
169
9742
-400
3335
-925
5006
-9589
-6425
-5393
-4454
2105
-2530
-7546
5187
-1320
-3318
-6438
3030
-4121
-2184
-2639
-8941
-5390
-2861
-4065
8259
9039
-8076
-7687
5078
7749
8975
7574
-8587
-9928
9736
155
-8915
553
8204
4101
-7566
3333
1381
132
8654
4968
-7003
805
-2712
-1447
-3451
3252
1229
-6932
-1097
-1053
-9286
4143
6532
8690
4595
-9904
-1460
1115
-4482
-5085
-7282
1056
-8487
-8832
2750
-8684
-9194
2870
3024
2906
-6552
-4222
2124
9199
-6645
8014
-550
1591
-6688
-4876
7993
935
8442
-2601
-6650
6361
-7788
-7972
2069
-8653
-94
1286
-743
-8995
2233
-1263
-3891
2491
9017
-7862
-8979
-9145
-1876
7224
7170
-7822
5089
707
5622
173
-944
8531
7982
2170
-1794
-3843
-419
5725
-8639
3413
420
8237
3191
8306
7237
-5297
1830
5636
-7221
6968
-6900
4924
8466
7189
2111
-7827
-9976
2635
4084
8001
-1785
8833
2593
-8621
-7211
-6364
-3487
603
-1294
-8099
-4088
4642
-4723
-34
4181
1448
790
-1201
-2792
-2513
665
3637
9689
-7268
-4704
1681
9991
-9553
1811
-6968
5906
-8319
5544
4508
-2577
3755
336
4712
5227
-7178
2749
7393
-9309
-9076
-5379
6477
-8478
-2646
-4237
1564
5415
-2181
214
8752
-1968
6815
-1080
1949
7118
-4981
8826
763
8329
-65
-1592
-3103
7603
8506
4218
5950
-3646
-8998
-8556
-3611
8788
2612
9861
-6135
8984
4503
-3581
868
-6079
692
5291
-5008
9426
-569
2390
2791
304
-4358
4430
8169
836
-6617
883
-3455
-4496
3176
-3033
-1360
-4368
-2955
8088
3053
-1428
-5966
260
9971
2643
9512
-105
-852
-4247
-2813
-2601
5062
9797
1803
8316
-2164
2463
665
4598
5407
7078
-2577
-4157
-3286
7245
-325
-3355
2940
7948
247
-2627
-4064
5351
-5066
-2687
-3062
3713
-9418
2796
8364
9270
-7234
8241
-1629
5231
-5696
-9959
-6368
1815
504
-1898
-984
-8760
-9369
-1244
3324
-8022
9371
-2047
1110
187
-7686
-8383
-4208
6784
-2474
-781
-3755
6594
-5482
2080
3522
-4335
-8457
-382
-3669
-1466
6414
2562
-8030
-8685
4591
-4124
-1533
7640
-2750
6955
-6589
1140
385
1471
-2288
-1665
9756
4265
5332
-9731
222
9597
3159
3043
6829
-4030
7589
-1203
-3088
5781
-6187
5151
6657
-1767
4405
-5076
2990
6340
-3368
9635
2549
-931
4963
-229
3344
6934
-4600
2477
308
7770
-2110
8154
3317
2737
9449
5636
-8243
9047
-3872
-7768
-7079
2130
-4037
7805
-2297
-1137
-5046
-1183
2969
-6559
262
-9326
3362
2731
-1965
-6367
2880
6888
9030
-5796
6398
-2523
-5642
-4274
-2675
8033
-8336
-6943
4556
467
9119
7714
9877
2715
7502
-4494
-1010
4881
3184
-8727
5039
7640
1648
4248
5660
5200
-1287
2120
-9034
1907
-4697
3646
136
-8603
4800
4715
2460
1789
7892
6877
-4623
-116
-2696
7534
8196
6834
7220
3786
-635
2224
-1853
1289
-3072
2475
-4440
9513
-1088
-2286
-1265
-1648
1739
7389
-5771
3662
-99
-7614
512
1115
-8738
983
4921
-6485
-4032
-5653
-4965
2788
-2662
4260
-2085
6227
2466
-9876
3147
2750
700
8767
3489
-7225
-5746
-7952
-7892
-3736
940
-8375
7430
-8249
-4102
8547
-5270
1360
3226
9850
-9501
-8014
9021
2773
-4296
-9594
-5954
5360
-5701
9432
-4318
1168
-4077
519
-1205
9105
-4989
-4169
-9045
2643
-1767
4856
-3173
2187
-9578
-9564
-8353
5703
7562
1138
4694
-6478
2545
1509
6584
3113
-9863
7773
-4528
-8977
74
9597
-6310
-6018
-7513
9038
-9486
-3777
7299
-8814
-9132
6749
9103
-1866
753
-6515
-1337
-1574
-9659
-4871
5064
4048
48
-1677
4377
-5386
6997
1056
-99
-3720
-6000
6060
-7540
7212
1704
9284
-1318
-5182
9758
728
5053
-5897
-8504
8248
6975
7673
9485
6679
-9408
56
508
-8369
2688
-6435
-978
3230
137
5640
4475
4051
3837
7938
-3949
-2830
-3255
-4607
-2826
2587
-4822
-7509
-3502
-5820
-530
6351
3499
-9999
-8761
-8148
7286
7540
-2376
-5617
-456
-205
843
3560
2908
-1870
7310
5937
-7465
-6396
5505
4740
1233
-1965
-5820
6545
-8889
-8036
-1905
-1781
6220
6288
5631
2574
5154
-2555
7021
771
3566
6697
-5567
-4430
731
4881
-7430
1206
9972
-9700
1716
521
-4173
-4839
-6326
6290
3233
2641
3643
-4857
-2487
7196
-5211
-2963
843
634
1952
1228
6659
5005
5330
-6425
2599
6492
1091
-9011
2178
1950
-2784
-6787
-916
763
-8872
-2754
-1913
6645
7723
-976
-8054
-7173
-7824
8265
-4725
-7721
-4975
-6542
1440
-9007
-5692
-2272
-5122
-2580
-7872
6552
-5760
2190
-4848
-6590
303
-9068
-6026
-7842
-2375
5913
-9516
9633
8711
-4650
-943
-2324
8915
-9043
3815
-7758
-3697
1580
7858
3620
450
-1300
-6507
-2644
539
8775
-5313
7285
2676
-1883
3116
-8089
-5154
2778
3635
6685
7629
1362
3747
7174
-1137
-2983
6480
8006
-9801
4178
-9112
-673
-705
-2519
-9258
-4765
-3405
-1061
7836
-8374
-1945
4647
1530
-3317
9678
5178
9477
-4958
-8709
6396
5183
9828
8696
-6502
-9200
-6354
5295
5766
-200
-4304
-180
-4505
2592
9808
1266
-4758
-3656
-4773
1229
3
1652
-4418
1554
-5942
-3937
-3570
6671
2519
-9043
-7271
-4212
-3723
7489
4960
-8447
-42
-5269
8179
-3013
985
-983
-9592
-8969
5410
-505
3427
9897
4232
8657
-5373
-2392
-6709
-8409
-1901
-4608
-2801
-4696
-1582
3362
9826
6651
-194
-7267
2852
2188
8078
6157
7180
-6032
-8270
8990
2806
-7216
-5090
-7458
969
-5590
-6627
-7624
5751
-5087
-7472
6036
3326
9679
-9811
-4630
744
3752
-217
-2879
-3727
6867
-1254
2951
-4631
-6770
5946
-7022
-232
-313
2274
-3898
-7426
9619
9365
-980
9401
-818
-2114
1910
-1807
4186
6226
7642
-8320
1549
-5968
6823
-339
7673
-4533
1240
5732
-5870
-7711
-3663
-8346
8295
-5436
5553
-679
-3311
5269
880
-595
4315
-4099
-3902
7810
8863
-6841
-7638
-9016
4047
-4395
-70
-6519
-7703
-164
-5024
-4164
-3288
2396
5088
5330
7046
1991
8568
-2666
9531
383
2632
4513
-4296
-1945
6936
8879
5750
379
-7411
5885
-4075
-6254
-9285
-4206
-5087
-2216
9064
4347
515
1271
-114
5612
5995
4061
-7901
7614
-4460
-2302
-9648
9129
-972
5047
-2282
-3793
717
360
-7198
-9933
7299
3712
7336
4972
-4370
-7341
6653
8228
-7645
-2403
-2285
-371
-8944
-4214
3030
-8839
-1168
-1343
-5582
1823
9610
-1052
-4246
-3828
-1668
8844
4018
-3415
-5522
7423
6714
2821
5482
7486
2579
-2085
5777
8192
3519
1016
-3692
7501
6991
-1207
-6898
-9904
-6658
8899
-7098
-6682
4131
-8066
3428
8827
-8610
7914
4323
2921
1543
1187
-5897
-4651
7577
2195
-8756
8730
-4294
5804
787
-6819
-9575
-8771
145
-4758
-3322
5914
-720
8794
-6687
6907
-3946
-3493
-5693
-6883
-6627
2761
-899
-8311
7119
-7065
-5848
6003
-9189
-692
-9661
-1963
3303
3484
-2393
-7890
-7019
-4660
-2404
5101
-7665
-6684
-172
-6887
-8739
-3795
2152
-96
-4432
-8931
4732
-330
4159
8693
1629
1021
-9618
3534
9866
-1933
4435
-9827
4996
-5043
4176
9830
8728
-261
6952
6129
9776
-8728
-6688
-6895
-9022
-3497
-2035
7236
-3995
7759
2626
1437
4156
558
1409
-9398
-9411
-7816
3850
1209
8834
3076
6716
280
130
-7377
8399
-6319
556
7380
-7889
1553
8164
4974
-4721
-3870
1522
-2009
7305
-713
3569
8683
8088
25
-6793
-6110
-630
-9617
-4644
2922
483
4898
1104
4381
-8494
3949
-5559
-203
-8447
2941
1475
8301
7040
-6314
-640
6064
4246
-7972
-2748
-6241
-7613
5344
2131
-4121
-9613
-2252
-4044
-5947
440
-3616
-7722
2416
-4384
-3834
3622
3849
-3201
1935
-4859
1209
1889
-7670
-6113
-9611
-7961
-956
-2922
7799
-177
738
891
-3285
-615
5795
7077
5843
-3086
-8348
-4768
4998
4183
3799
1504
-4466
-9990
7916
-3079
3155
9026
3138
-3511
1477
2538
5584
-9862
-5845
-681
-5234
-7275
-9826
-3832
-8858
2271
6125
2976
-1322
-1796
-318
-8592
-9434
-8509
9467
-4864
-4572
3634
8319
-1237
3263
-6893
1782
9825
-4974
-6259
9091
-7072
-9969
-9858
1156
7646
-7679
-525
-6880
5145
5229
9820
2839
4023
7449
9706
-2921
-2603
5920
-3911
-3637
-2277
7131
-2839
-7074
-7385
3408
-234
6333
-8228
-1257
4002
-9751
5088
-2296
1079
8026
-6569
6424
8098
-7056
-5882
-9831
-6412
2579
-6694
-2676
103
-2361
-2567
-3351
7484
-4047
4413
8778
4524
5407
6289
-8770
-1398
-2888
5804
-2890
8593
1901
2521
6788
-9361
-9594
-368
-9602
-5734
-2098
4963
-8236
6227
2018
9392
-3183
5902
7677
-9155
-5730
6334
-8120
1992
69
9656
-923
8732
4069
-9160
-4152
-4466
6198
-7607
4332
-1928
8600
-5978
3674
4445
4637
-8858
5654
-2087
-151
-8361
1167
9466
-735
6878
7789
-8167
-4921
-8553
8820
-4222
-2955
-1004
-8685
2508
-5366
-639
-519
3471
4410
-3968
-5651
2421
-3409
-3318
-435
6825
-3661
2809
8586
-2366
6553
4105
-4128
23
-2878
4772
-9462
-9259
3645
-5915
-2483
8158
6500
-3745
-7823
5747
-2490
5273
-6737
4834
4960
3622
-6387
8408
-6288
2332
8088
9862
695
996
-2599
-3117
1043
-979
7759
1981
3388
-3352
3974
-7490
7700
8239
8808
-240
-6574
1704
-2429
29
-2339
-9017
8280
5919
-1835
-2033
-6446
-283
895
-2688
-8559
5952
9481
-3804
4594
-1096
-9453
-3765
6877
9628
4967
4259
-5232
-1484
4109
1207
-4295
688
-390
-781
-5086
-7680
3456
-1343
-8630
4783
-1706
348
-7059
-3367
-5236
-5754
9470
-9952
8439
8394
-6121
-4475
1952
7417
4034
-6071
7733
-8607
-424
-5622
6463
-9871
4539
-5893
-9
9912
6880
-156
-7001
8401
965
4485
-9600
4825
7180
3171
-6151
1184
8518
-7359
6633
3121
9396
-4281
-4354
3595
-4824
-7178
-5893
-6124
3390
-8133
-1216
1541
-7802
5704
1543
8645
2797
-7112
-3555
-2793
-4878
2716
3917
6422
3253
1784
8196
771
2877
-5374
2292
7078
1389
-7167
-5853
2944
5464
5147
-6548
-1982
3728
-4100
-1165
6846
4343
4177
-6983
3938
5380
1130
4625
9756
7209
-1248
-490
-5647
2992
-1992
-8703
151
-950
-3103
1081
806
9431
-7790
4869
2194
8716
-1810
9578
-5210
8220
835
1184
-5015
-9804
-3153
-7515
-6942
-3741
-3772
-5254
22
-2475
8848
-16
4305
-4353
1231
2755
7716
-6335
9875
-3963
7626
6558
-305
6666
-3741
9487
-5032
-7190
3606
5839
7750
7086
-2637
8030
9716
-9920
3032
6023
-3205
-9959
-9097
-952
3546
-2904
-3583
2838
6299
2286
6119
1567
-3857
3642
9516
-5229
6861
6278
9280
-2458
618
4956
-8576
810
1328
7198
-530
9783
7805
1494
5930
-5948
2052
3941
5265
5326
1343
7944
-1126
266
-490
-6973
-7782
1861
-8606
-2801
190
5289
9906
5011
2111
3109
6745
-9193
836
2596
-1092
-8992
-4843
8561
-5149
5413
-2551
-946
-2934
1738
1840
4011
6581
1180
1868
-1822
4601
-5290
127
1908
1813
1816
-1481
4214
-4504
-7808
6751
8583
8014
-85
-2677
-4134
1857
-7155
-2690
-1825
-1459
1976
-3180
-6008
-5182
-5533
4606
-852
-2238
-1802
-5233
3241
-2728
-9761
-415
6278
5856
9713
6945
4945
5647
6416
-6758
-4074
3997
8412
6415
-5826
2007
2603
8196
474
3236
261
-8593
-940
4832
-9310
-2648
-2716
7334
2154
-5506
5112
-1893
9638
-6472
7624
-6603
9068
6585
-3799
-8835
-9801
6641
-3633
-8
-2131
-5317
-6459
9211
588
-6612
-249
6508
-58
9947
9037
-3241
4333
-1315
1954
6688
-8024
-8485
4641
-2889
7236
2968
7303
8058
-3541
9668
-8032
-8488
-6349
2826
-1648
5302
-7268
-9954
4073
-4594
-9041
7868
9925
-734
-1545
-3116
9770
-9267
-1461
-5692
-3667
3617
6140
8919
-5739
-3642
5485
4398
5625
-4413
5937
-502
1024
9360
-3803
-8474
496
-3257
-7290
6841
9339
8474
-6822
-3888
-6918
-2051
4948
971
1716
663
-9283
4714
4043
-7637
-899
-6202
5287
-7530
1075
2294
177
-9006
1052
-5129
8210
-100
3805
6208
-6455
-166
7560
-5273
-3709
-4359
3387
-1351
-2104
5025
3320
-4623
1059
9459
10
7163
7119
4286
-7810
1933
9952
9561
-5644
-7036
-6831
5807
571
5286
-2759
-9972
7279
4584
-9875
-7231
-7161
1716
-4025
6574
-7935
-1610
-4756
-407
2219
7718
5064
9607
-8477
-5522
3855
230
-8021
-924
966
-4758
4783
463
2040
4482
9585
6125
-4554
9175
4110
-6172
9471
9868
6255
-41
3034
4256
5452
4710
-3244
-4135
-5014
7434
-3851
292
-1255
-2473
-7908
-257
-4866
-2870
-4618
1678
3312
-9663
9931
-1167
-4924
-9589
-2607
3199
5759
7229
-7109
5081
-9149
1363
-5382
1370
3126
9133
-9269
-8094
-1484
-1203
-1003
-5691
4122
-8634
4620
-9500
5346
-4185
7930
-5415
-4186
-8049
-8462
-7174
1969
2437
-1932
1372
-208
-1824
5824
-5408
8026
-2587
-8558
-1029
3862
-2831
-7635
2829
-5919
-661
-9639
-3196
-5993
-7446
4351
-2748
9097
-6333
3417
-8578
-7597
-726
8098
-1475
-9280
-4898
8383
-5036
-17
4002
-8498
9037
6864
-5976
-8456
2164
-1737
-2813
-2296
-5972
-2773
8614
6689
4922
-846
3189
2721
9357
3519
-6338
-8696
-5227
874
-8240
7102
-5266
-2254
4490
6354
1579
1525
5377
3788
8502
6830
9402
-2875
-8889
2588
-8919
-2326
1942
-1736
-7997
-9946
3523
-6933
7997
-4797
-9349
-2328
-6277
-8326
3015
-185
7685
3543
2419
8700
-5155
8164
6674
-1185
-7907
2710
-476
-1221
2241
5491
438
-8892
-2398
8075
-6353
728
9944
-7355
2316
-2072
3760
-6040
-4130
1167
5345
-161
-2878
-368
2263
-8826
7443
4678
6797
-8245
-4580
-4725
-1670
3677
5242
4263
-3717
6584
-9849
9240
3437
3802
2001
-1916
7673
-8049
-9680
-1545
964
-6089
6980
3875
-5437
-5858
7987
2398
-4316
-5238
-2292
-7653
-934
-5914
-9982
-7325
-5895
-5093
-274
-5258
3423
-8800
-3243
-3025
8246
9418
-9281
-7462
-8614
5154
-8847
5929
-5466
2586
-5455
-8649
-9472
-4106
-8910
2107
5996
-3357
2270
-5840
6574
-2252
-3275
2386
2459
354
-950
9472
